NGC 0247    X  9.53 I 10.6 5.0  3.3 -0.75 FUVW4    6.79 1.42  9.24 
NGC 0253    X 10.64 I 14.4 4.7  2.8  0.70 FUVW4    8.96 1.00  9.33 
NGC 0300    X  9.27 I  5.9 2.0  1.3 -0.82 FUVW4    6.61 1.50  9.32 
NGC 0628      10.34 I 14.1 3.9  2.9  0.24 FUVW4    8.41 1.73  9.70 
NGC 0685      10.07 I  8.7 5.0  3.1 -0.38 W4ONLY   7.87 1.25  9.57 
NGC 1068    X 10.91 I 12.4 0.9  7.3  1.64 FUVW4    9.23 1.30  9.06 
NGC 1097      10.76 I 20.9 2.6  4.3  0.68 FUVW4    8.93 1.31  9.61 
NGC 1087       9.94 I  6.9 3.2  2.1  0.11 FUVW4    8.32 1.06  9.10 
NGC 1313    X  9.26 I  7.0 2.5  2.1 -0.14 FUVW4               9.28 
NGC 1300      10.62 I 16.4 6.5  3.7  0.07 FUVW4    8.50 1.28  9.38 
NGC 1317      10.62 W  8.5 1.8  2.4 -0.32 FUVW4    8.10 1.28       
IC 1954        9.67 I  5.6 2.4  1.5 -0.44 FUVW4    7.78 1.10  8.85 
NGC 1365      11.00 I 34.2 2.8 13.1  1.24 FUVW4    9.49 1.36  9.94 
NGC 1385       9.98 I  8.5 3.4  2.6  0.32 FUVW4    8.37 1.09  9.19 
NGC 1433      10.87 I 16.8 4.3  6.9  0.05 FUVW4    8.47 1.38  9.40 
NGC 1511       9.92 I  8.2 2.4  1.7  0.35 FUVW4    8.22 1.09  9.57 
NGC 1512      10.72 I 23.1 4.8  6.2  0.11 FUVW4    8.26 1.45  9.88 
NGC 1546      10.37 I  9.5 2.2  2.1 -0.08 FUVW4    8.44 1.13  8.68 
NGC 1559      10.37 I 11.8 3.9  2.4  0.60 NUVW4    8.66 1.11  9.52 
NGC 1566      10.79 I 18.6 3.2  3.9  0.66 FUVW4    8.89 1.22  9.80 
NGC 1637       9.95 I  5.4 2.8  1.8 -0.20 W4ONLY   7.98 1.10  9.20 
NGC 1672      10.73 I 17.4 3.4  5.8  0.88 FUVW4    9.05 1.25 10.21 
NGC 1809       9.77 I 10.9 4.5  2.4  0.76 NUVW4    7.49 4.24  9.60 
NGC 1792      10.62 I 13.1 4.1  2.4  0.57 FUVW4    8.95 1.11  9.25 
NGC 2090      10.04 W  7.7 1.9  1.7 -0.39 FUVW4    7.67 1.47  9.37 
NGC 2283       9.89 W  5.5 3.2  1.9 -0.28 W4ONLY   7.69 1.16  9.70 
NGC 2566      10.71 W 14.5 5.1  4.0  0.93 W4ONLY   9.06 1.13  9.37 
NGC 2775      11.07 I 14.3 4.6  4.1 -0.06 FUVW4    8.40 1.29  8.65 
NGC 2835      10.00 W 11.4 3.3  2.2  0.10 FUVW4    7.71 1.72  9.48 
NGC 2903      10.64 I 17.4 3.7  3.5  0.49 FUVW4    8.76 1.18  9.54 
NGC 2997      10.73 W 21.0 6.1  4.0  0.64 FUVW4    8.97 1.25  9.86 
NGC 3059      10.38 W 11.2 5.0  3.2  0.38 W4ONLY   8.59 1.07  9.75 
NGC 3137       9.88 W 13.2 4.1  3.0 -0.30 FUVW4    7.60 1.35  9.68 
NGC 3239       9.18 I  5.7 3.1  2.0 -0.41 FUVW4  < 6.62 1.54  9.16 
NGC 3351      10.37 I 10.5 3.0  2.1  0.12 FUVW4    8.13 1.55  8.93 
NGC 3489    X 10.29 I  5.9 1.3  1.4 -1.59 FUVW4    6.89 1.37  7.40 
NGC 3511      10.03 I 12.2 4.4  2.4 -0.09 FUVW4    8.15 1.07  9.37 
NGC 3507      10.40 I 10.0 3.7  2.3 -0.00 FUVW4    8.34 1.17  9.32 
NGC 3521      11.03 I 16.0 3.9  4.9  0.57 FUVW4    8.98 1.18  9.83 
NGC 3596       9.66 I  6.0 1.6  2.0 -0.52 NUVW4    7.81 1.13  8.85 
NGC 3599    X 10.04 I  6.9 1.7  2.0 -1.35 FUVW4  < 6.70 1.35       
NGC 3621      10.06 W  9.8 2.7  2.0 -0.00 FUVW4    8.13 1.27  9.66 
NGC 3626      10.46 I  8.6 1.8  2.1 -0.68 NUVW4    7.75 1.14  8.89 
NGC 3627      10.84 I 16.9 3.6  3.7  0.59 FUVW4    8.98 1.16  9.09 
NGC 4207       9.72 I  3.4 1.4  0.7 -0.72 FUVW4    7.71 1.03  8.58 
NGC 4254      10.42 I  9.6 2.4  1.8  0.49 FUVW4    8.93 1.15  9.48 
NGC 4293      10.52 I 14.3 4.7  2.8 -0.30 FUVW4    8.12 1.57  7.67 
NGC 4298      10.04 I  5.5 3.0  1.6 -0.34 FUVW4    8.26 1.09  8.87 
NGC 4303      10.51 I 17.0 3.4  3.1  0.73 FUVW4    9.00 1.40  9.67 
NGC 4321      10.75 I 13.5 5.5  3.6  0.55 FUVW4    9.02 1.25  9.43 
NGC 4424       9.93 I  7.2 3.7  2.2 -0.53 FUVW4    7.59 1.16  8.30 
NGC 4457      10.42 I  6.1 1.5  2.2 -0.52 FUVW4    8.21 1.15  8.36 
NGC 4459    X 10.68 W  9.6 2.1  3.3 -0.65 FUVW4    7.46 2.41       
NGC 4476    X  9.81 W  4.3 1.2  1.2 -1.39 FUVW4    7.05 1.09       
NGC 4477    X 10.59 W  8.5 2.1  2.1 -1.10 FUVW4    6.76 1.58       
NGC 4496A      9.55 I  7.3 3.0  1.9 -0.21 FUVW4    7.55 1.15  9.24 
NGC 4535      10.54 I 18.7 6.3  3.8  0.34 FUVW4    8.61 1.78  9.56 
NGC 4536      10.40 I 16.7 4.4  2.7  0.53 FUVW4    8.62 1.06  9.54 
NGC 4540       9.79 I  5.0 2.0  1.4 -0.78 FUVW4    7.69 1.16  8.44 
NGC 4548      10.70 I 13.1 5.4  3.0 -0.28 FUVW4    8.16 2.00  8.84 
NGC 4569      10.81 I 20.9 5.9  4.3  0.12 FUVW4    8.81 1.40  8.84 
NGC 4571      10.10 I  7.7 3.8  2.0 -0.54 FUVW4    7.88 1.55  8.70 
NGC 4579      11.15 I 15.3 5.4  4.4  0.33 FUVW4    8.79 1.38  9.02 
NGC 4596    X 10.59 I  9.0 2.7  3.8 -0.96 FUVW4    6.72 1.83       
NGC 4654      10.57 I 15.1 5.6  4.0  0.58 FUVW4    8.84 1.18  9.75 
NGC 4689      10.24 I  8.3 4.7  3.0 -0.39 W4ONLY   8.22 1.19  8.54 
NGC 4694       9.90 I  4.6 1.9  1.6 -0.81 FUVW4    7.41 1.30  8.51 
NGC 4731       9.50 I 12.2 7.3  3.0 -0.22 FUVW4    7.29 2.52  9.44 
NGC 4781       9.64 I  6.1 2.0  1.1 -0.32 FUVW4    7.82 1.05  8.94 
NGC 4826      10.24 I  6.7 1.5  1.1 -0.69 FUVW4    7.79 1.28  8.26 
NGC 4941      10.18 I  7.3 3.4  2.2 -0.35 FUVW4    7.80 1.27  8.49 
NGC 4951       9.79 I  6.9 1.9  1.9 -0.46 FUVW4    7.65 1.22  9.21 
NGC 4945    X 10.36 W 11.8 4.5  1.6  0.19 W4ONLY   8.77 0.97  8.92 
NGC 5042       9.90 I 10.2 3.3  2.4 -0.22 FUVW4    7.69 1.84  9.29 
NGC 5068       9.41 I  5.7 2.0  1.3 -0.56 FUVW4    7.26 1.38  8.82 
NGC 5134      10.41 I  7.9 2.9  2.1 -0.34 FUVW4    7.98 1.14  8.92 
NGC 5128      10.97 W 13.7 4.7  4.1  0.09 FUVW4    8.40 0.98  8.43 
NGC 5236      10.53 I  9.7 3.5  2.4  0.62 FUVW4    8.84 1.14  9.98 
NGC 5248      10.41 I  8.8 3.2  2.0  0.36 FUVW4    8.77 1.14  9.50 
ESO 097-013 X 10.53 W  5.3 1.9  1.8  0.61 W4ONLY   8.42 1.40  9.81 
NGC 5530      10.08 W  8.6 3.4  1.7 -0.48 W4ONLY   7.89 1.34  9.11 
NGC 5643      10.34 W  9.7 3.5  1.6  0.41 W4ONLY   8.56 1.06  9.12 
NGC 6300      10.47 W  9.0 3.6  2.1  0.29 W4ONLY   8.46 1.12  9.13 
NGC 6744      10.72 W 21.4 7.0  4.8  0.38 FUVW4    8.27 2.75 10.31 
IC 5273        9.73 I  6.3 2.5  1.3 -0.27 FUVW4    7.63 1.14  8.95 
NGC 7456       9.65 I  9.4 4.4  2.9 -0.43 FUVW4    7.13 2.02  9.28 
NGC 7496      10.00 I  9.1 3.8  1.5  0.35 FUVW4    8.33 1.15  9.07 
IC 5332        9.68 I  8.0 3.6  2.8 -0.39 FUVW4    7.09 2.26  9.30 
NGC 7743    X 10.36 I  7.7 2.9  1.9 -0.67 FUVW4    7.50 2.65  8.50 
NGC 7793    X  9.36 I  5.5 1.9  1.1 -0.57 FUVW4    7.23 1.34  8.70 
